policy   workload  iterations  workers  median_throughput  q1_throughput  q3_throughput  median_attempts  median_successes  steal_success_rate  probes_per_task
linear   balanced         100        1           714200.5      703197.00      729502.00              0.0               0.0            0.000000         0.000000
linear   balanced         100        2          1239892.0     1155625.50     1277836.75          80256.0           75890.0            0.945599         0.080256
linear   balanced         100        4           172437.5      168516.25      187832.50        1254565.5          606010.5            0.483044         1.254566
linear   balanced         100        8           179803.5      173337.25      182460.25        3806491.5          858740.5            0.225599         3.806491
linear   balanced         100       16           215227.0      212634.50      221293.50        9048407.0          924812.0            0.102207         9.048407
linear   balanced        1000        1           299353.5      296368.00      302276.50              0.0               0.0            0.000000         0.000000
linear   balanced        1000        2           581692.5      579271.25      583107.50           4317.5            4317.5            1.000000         0.004318
linear   balanced        1000        4          1185376.0     1175182.25     1210477.00          10227.0            5902.5            0.577149         0.010227
linear   balanced        1000        8           182350.0      182053.50      186404.50        4349291.5          827561.5            0.190275         4.349291
linear   balanced        1000       16           205811.0      202639.25      208677.25       11054574.5          912667.5            0.082560        11.054574
linear   balanced       10000        1            40790.5       40689.75       41060.50              0.0               0.0            0.000000         0.000000
linear   balanced       10000        2            85635.0       85581.00       85894.75            205.0             204.5            0.997561         0.000205
linear   balanced       10000        4           174897.0      174228.50      175253.50           1638.5            1106.5            0.675313         0.001638
linear   balanced       10000        8           350314.0      349690.25      351799.00          10345.0            3093.5            0.299033         0.010345
linear   balanced       10000       16           632288.0      581495.00      668434.00         455486.0           56826.5            0.124760         0.455486
linear imbalanced         100        1           720283.0      701458.00      728639.75              0.0               0.0            0.000000         0.000000
linear imbalanced         100        2          1310361.0     1279491.25     1367635.50         121889.0          120174.5            0.985934         0.121889
linear imbalanced         100        4           163714.5      156759.25      171502.50        1362793.5          646145.0            0.474133         1.362793
linear imbalanced         100        8           179323.5      178182.50      183672.75        3885051.5          859796.0            0.221309         3.885051
linear imbalanced         100       16           214687.5      213273.25      217618.50        9303854.0          923430.0            0.099252         9.303854
linear imbalanced        1000        1           297500.0      294950.25      300226.25              0.0               0.0            0.000000         0.000000
linear imbalanced        1000        2           616720.0      614515.25      621785.75         210612.0          210612.0            1.000000         0.210612
linear imbalanced        1000        4          1197491.5     1191890.00     1208472.00         166604.5          166604.5            1.000000         0.166604
linear imbalanced        1000        8           177392.0      173206.75      181351.00        4064809.0          841437.0            0.207005         4.064809
linear imbalanced        1000       16           206918.5      204169.50      218212.50        9542298.0          921199.5            0.096539         9.542298
linear imbalanced       10000        1            41047.0       40933.50       41278.00              0.0               0.0            0.000000         0.000000
linear imbalanced       10000        2            88348.0       87975.00       88697.75         244577.0          244577.0            1.000000         0.244577
linear imbalanced       10000        4           180986.5      180784.75      181067.50         185717.5          185717.5            1.000000         0.185718
linear imbalanced       10000        8           343914.5      342494.25      345433.25         108135.0          107833.5            0.997212         0.108135
linear imbalanced       10000       16           398796.5      220768.75      543826.50        2043805.0          235382.0            0.115169         2.043805
random   balanced         100        1           705992.0      699384.50      720003.25              0.0               0.0            0.000000         0.000000
random   balanced         100        2          1184534.5     1162298.75     1218684.25          83698.5           79673.0            0.951905         0.083698
random   balanced         100        4           185972.5      180465.25      192651.50        1461488.0          573453.0            0.392376         1.461488
random   balanced         100        8           182389.5      179152.25      185303.00        4643965.5          811977.0            0.174846         4.643966
random   balanced         100       16           884208.5      615300.75     1267421.00        1255346.0          257470.5            0.205099         1.255346
random   balanced        1000        1           294855.0      293138.75      300101.75              0.0               0.0            0.000000         0.000000
random   balanced        1000        2           576865.0      574687.25      584458.25           4272.5            4272.5            1.000000         0.004273
random   balanced        1000        4          1178306.5     1170666.50     1187529.50          13348.0            7868.5            0.589489         0.013348
random   balanced        1000        8           217521.5      208178.00      234592.75        3662981.0          665080.5            0.181568         3.662981
random   balanced        1000       16          1273405.5      926239.25     1451133.75         409000.0           79397.5            0.194126         0.409000
random   balanced       10000        1            41218.5       40844.75       41354.75              0.0               0.0            0.000000         0.000000
random   balanced       10000        2            85502.0       85149.00       85770.75            569.5             569.5            1.000000         0.000570
random   balanced       10000        4           174664.0      174329.50      175202.25           2332.5            1365.0            0.585209         0.002332
random   balanced       10000        8           350543.5      349938.25      352167.00           7432.5            2907.5            0.391187         0.007432
random   balanced       10000       16           662493.5      650666.00      673277.00         144361.0           30719.5            0.212796         0.144361
random imbalanced         100        1           694531.0      672898.25      719249.00              0.0               0.0            0.000000         0.000000
random imbalanced         100        2          1222019.5     1137093.75     1314942.25         117628.5          115076.5            0.978305         0.117628
random imbalanced         100        4           201815.5      186160.00      232010.00        1423651.5          565446.5            0.397180         1.423652
random imbalanced         100        8           184406.5      181058.25      189699.00        4714308.0          808425.5            0.171483         4.714308
random imbalanced         100       16           693929.5      559211.25     1008770.00        1792026.0          279118.5            0.155756         1.792026
random imbalanced        1000        1           296461.0      293160.25      299852.25              0.0               0.0            0.000000         0.000000
random imbalanced        1000        2           624012.0      614224.00      626208.50         212549.0          212549.0            1.000000         0.212549
random imbalanced        1000        4          1134198.0     1126982.25     1140490.25         487640.0          236957.0            0.485926         0.487640
random imbalanced        1000        8           292841.0      197729.25     1133908.25        2911045.0          619889.5            0.212944         2.911045
random imbalanced        1000       16          1215417.5     1023420.75     1318735.75         778684.5          282165.0            0.362361         0.778685
random imbalanced       10000        1            41165.0       41011.75       41274.75              0.0               0.0            0.000000         0.000000
random imbalanced       10000        2            88483.0       88279.00       89034.75         244365.5          244365.5            1.000000         0.244366
random imbalanced       10000        4           180466.0      180201.75      180784.75         556040.0          195700.0            0.351953         0.556040
random imbalanced       10000        8           339635.5      338005.00      342544.50         754145.0          142713.0            0.189238         0.754145
random imbalanced       10000       16           559747.5      540884.25      577454.75         865526.5          123925.5            0.143179         0.865526

Wrote results/steal_policy_summary.csv
